IPs,milliseconds
5,262850
7,472024
10,2034529
6,790861
9,1207069
4,74488
4,191758
3,123821
4,65980
12,8948922
3,690071
14,15943517
3,3717
3,1138
5,14742
4,5140
3,6076
4,8283
6,11591
6,114970
4,80009
12,234620
6,33866
3,13066
2,9303
7,45599
5,20317
3,31363
9,96008
5,67715
3,17908
3,31953
5,57551
1,51126
5,257519
5,140899
2,127181
11,1655678
6,174716
5,204201
10,1513359
6,823546
5,402386
4,357193
6,349121
7,524299
6,424681
6,308469
5,407156
6,313433
5,118492
6,196540
8,479240
8,753039
9,120708
10,1445529
7,2421864
3,32010
4,119730
3,407557
9,5067065
13,1888922
14,10238525
4,15485567
8,5803268
10,5177900
2,6791
2,14104
2,13615
5,70979
4,723297
3,63283
8,470860
6,174843
6,837332
2,14165
5,79177
6,728421
5,125723
5,424060
3,383764
4,2306092
3,135010
5,1246033
3,1335056
4,731562
3,32009
2,71683
4,780009
10,17751278
2,7880180
5,52271689
2,1447885
1,1248067
1,1188266
1,3827011
