IPs,milliseconds
6,21633296
5,37136
5,8121
5,13446
7,111426
6,21385
15,89565
9,9541
12,53538
7,23703
9,19852
4,7126
13,96211
12,220871
3,23085
8,58397
13,210887
6,98714
2,16844
1,19806
12,366195
25,1376711
3,89381
11,485075
9,200878
6,266268
8,247940
9,421197
4,32542
12,285510
16,331294
8,46035
7,56771
8,107428
6,26478
3,73362
7,96280
7,100612
7,71898
5,18398
20,159513
8,60055
28,836201
6,39107
7,48005
9,70556
2,18032
3,11615
5,103821
8,103162
5,46044
5,48540
8,107742
5,56893
7,88122
4,58896
5,62343
10,173690
11,305150
6,70160
19,514523
5,39409
8,45963
13,193730
5,62417
5,27601
8,59234
1,365
14,272288
4,8518
1,651
2,5791
1,3533
5,53984
3,9602
4,15196
3,5015
3,6681
11,124203
7,57289
2,1139
9,70644
6,46824
7,61195
5,34153
4,45176
4,68593
2,37741
6,115370
6,109911
5,63009
4,42859
7,82173
5,14187
29,703228
11,67372
6,32248
5,53863
8,73328
5,49510
7,67404
6,29275
11,99275
1,1109
6,49562
4,42768
4,68002
8,37621
10,108841
13,388405
4,1544
5,13457
3,32196
6,86011
5,8027
6,17582
5,5627
7,27824
3,5243
2,26633
7,69068
10,188793
6,78964
10,170455
4,13912
3,56795
4,62704
6,136963
8,66941
1,894
9,96128
2,601
4,11909
1,464
3,7263
5,23721
5,32477
2,2911
5,54893
2,28898
7,57850
3,27522
3,59059
4,79224
5,59445
15,319859
6,78232
4,11391
2,43907
2,17240
6,51176
2,21549
4,54939
9,565788
6,97815
6,331009
4,157971
8,221860
2,18992
8,366453
4,14263
3,8897
3,73026
4,155952
7,766708
11,684410
6,97548
2,49766
6,101934
5,109648
3,53231
7,160965
4,57082
7,542606
5,303312
5,139974
5,122620
5,232710
5,133049
4,31364
5,404326
7,603191
3,44461
4,89407
11,957614
4,189912
6,421846
22,3063948
3,292444
3,201167
3,426994
4,903854
5,1500955
10,2060404
8,3703005
7,5646722
15,33707939
8,6733299
3,42867
4,124464
3,65499
3,46097
7,803470
9,3753144
4,314856
9,2189581
5,469841
5,1407793
6,2937784
3,198632
3,650191
2,163582
8,3123062
7,4246463
3,116367
4,4711050
4,1765163
3,6262492
18,7203535
8,527921
9,1014251
5,13886074
1,1858514
4,14980406
4,18511772
3,7664869
8,7423844
4,67926775
3,18390537
8,14323690
