997
893
428
753
574
557
707
737
788
762
580
731
826
621
712
0
492
798
675
818
49
664
851
578
107
32
657
59
842
352
624
161
203
842
217
906
300
157
874
242
375
977
209
829
155
857
355
867
809
663
43
104
200
35
1
116
562
984
928
945
946
845
868
890
901
937
62
8
415
45
422
963
54
960
971
923
134
12
16
486
195
420
205
606
345
334
259
215
387
117
341
380
824
14
382
507
55
181
72
583
693
553
558
695
75
172
291
217
805
931
616
117
757
859
320
950
554
331
407
821
504
795
993
504
808
462
202
944
493
676
845
238
548
0
888
73
771
331
477
94
156
472
393
17
581
255
363
902
503
882
307
943
77
792
770
609
690
142
541
361
977
972
392
533
437
822
658
698
999
547
931
343
30
970
86
278
596
937
966
13
977
322
34
223
374
162
120
249
115
486
237
454
252
363
547
274
485
898
659
922
563
416
524
468
623
512
516
548
438
815
570
877
489
595
509
462
804
571
35
355
31
869
337
283
796
200
138
962
84
174
301
339
979
202
841
53
46
273
948
149
884
990
274
480
72
224
78
184
730
174
290
208
291
625
617
751
42
7
74
324
669
461
435
448
442
418
531
488
572
613
692
493
699
799
37
1
27
125
2
17
518
556
249
615
910
978
708
838
866
858
924
491
955
970
9
454
12
91
57
289
50
147
237
310
171
181
200
361
200
707
405
701
62
564
560
437
357
450
707
662
17
765
641
683
671
709
697
720
776
687
838
212
740
134
975
621
481
988
922
996
84
81
929
116
883
47
912
56
113
899
5
652
993
701
310
24
5
15
17
47
270
337
675
653
180
742
82
828
33
0
561
850
16
26
922
223
843
27
41
170
30
856
154
791
131
958
293
474
325
257
128
874
423
396
286
405
433
363
442
568
211
844
509
458
357
392
438
387
361
483
677
359
352
357
381
555
83
998
424
196
890
496
43
449
977
134
846
990
239
2
71
504
373
98
387
348
830
115
805
862
189
163
169
548
464
23
489
932
515
516
229
126
257
583
107
869
278
37
91
280
466
556
222
956
45
983
39
84
86
159
480
763
785
69
794
299
243
96
375
368
428
428
602
736
234
917
412
974
536
662
679
82
351
919
719
425
440
871
617
10
669
59
731
161
680
189
672
51
673
977
730
883
0
43
888
993
450
5
2
120
5
6
2
17
3
104
5
16
92
105
897
520
333
20
139
936
163
149
193
169
139
999
198
122
280
112
281
230
295
351
155
208
324
288
408
350
377
458
337
203
496
180
634
714
361
367
443
949
369
350
3
594
62
270
287
112
223
334
195
763
489
231
315
296
223
223
267
330
616
721
391
472
967
454
420
456
266
241
500
454
396
67
564
706
348
146
61
359
733
408
96
534
542
435
139
486
509
554
165
557
620
516
268
449
643
460
238
773
745
279
584
599
652
650
682
961
743
33
761
837
684
909
682
743
23
838
815
739
796
37
842
880
861
849
102
877
990
790
923
776
33
848
881
912
775
101
996
895
895
346
291
894
699
4
216
13
753
945
763
983
459
11
384
10
986
143
298
99
96
204
205
286
247
156
160
210
231
189
167
468
347
350
494
335
437
443
347
220
476
162
526
683
517
543
586
556
556
507
688
645
445
232
869
662
177
562
767
750
728
876
635
466
628
891
569
445
746
533
559
584
496
874
133
230
401
341
537
595
308
900
566
209
968
259
697
721
523
760
505
299
719
472
188
868
384
653
68
538
443
578
404
419
423
427
603
425
534
587
456
3
463
119
683
115
623
553
881
173
430
285
408
338
390
297
457
550
450
378
663
461
461
490
861
829
45
43
99
274
511
511
536
555
522
550
619
638
214
95
238
439
9
644
947
655
650
684
672
727
666
693
652
784
461
732
937
753
831
944
877
894
78
877
995
920
694
532
620
763
186
411
871
139
437
741
531
698
412
690
88
989
967
129
884
619
33
79
2
303
10
13
14
8
149
6
245
409
182
687
557
249
468
66
965
31
917
750
623
191
260
114
826
93
430
167
418
257
214
452
321
350
855
343
929
772
86
287
860
168
387
984
536
40
810
396
163
310
285
547
397
121
351
385
951
96
154
480
346
792
383
365
507
141
644
360
468
670
720
687
216
73
369
140
668
895
728
267
919
710
925
807
563
801
995
157
391
73
569
639
744
314
113
600
424
986
556
125
659
73
584
626
364
134
667
501
234
994
817
160
560
713
160
603
165
96
460
953
398
922
382
938
107
454
460
915
113
407
930
28
650
76
312
542
193
13
15
721
270
158
682
446
93
326
531
922
88
339
559
725
204
276
227
406
730
200
735
541
735
792
669
875
708
808
971
736
711
196
915
965
573
824
776
80
935
805
75
959
624
783
298
579
640
119
717
644
513
425
282
848
875
826
560
622
864
627
603
759
376
506
697
480
681
881
446
688
738
476
5
58
578
721
990
984
83
654
905
244
147
255
563
592
12
870
882
926
671
777
526
582
421
937
404
326
260
314
913
142
682
415
266
300
890
95
844
564
498
249
599
224
521
844
488
573
667
498
519
102
68
686
487
949
550
510
655
560
42
892
588
870
821
621
456
947
754
947
760
695
777
233
893
851
440
745
830
658
722
776
148
312
287
281
863
589
751
69
257
939
226
183
181
65
235
205
997
956
823
131
10
72
860
108
231
391
470
678
225
859
201
592
674
990
254
419
582
6
62
111
344
684
402
834
144
177
205
241
124
370
49
913
715
140
23
394
110
335
247
434
175
348
177
115
304
788
358
494
451
205
394
548
664
345
521
487
717
564
513
468
642
683
497
589
597
839
458
637
498
672
547
552
518
893
757
882
717
895
1
91
433
820
869
804
821
791
745
849
84
126
796
840
848
880
749
6
628
783
750
867
25
885
796
889
865
910
922
993
867
820
900
888
164
59
17
47
221
45
266
895
29
6
12
179
172
329
300
231
132
916
339
279
187
307
349
317
333
296
342
248
371
356
516
418
99
340
443
818
274
532
828
401
435
798
164
615
851
221
610
829
254
592
854
159
721
875
127
754
833
186
681
858
184
692
855
842
905
848
782
841
876
856
811
883
881
844
835
33
860
367
931
848
208
779
143
23
897
255
899
962
13
193
142
946
23
893
267
952
90
75
255
89
309
250
326
281
831
348
251
254
308
170
318
221
385
245
280
340
377
379
401
335
440
502
304
447
340
401
472
222
299
319
505
330
654
251
231
311
440
326
370
317
349
379
308
375
604
478
363
421
454
589
419
547
438
441
491
457
531
626
506
556
687
266
433
876
359
551
609
578
757
666
672
792
555
11
450
513
789
779
824
848
809
847
841
853
854
829
849
851
877
910
825
886
827
877
887
787
880
13
804
877
284
707
818
841
811
857
868
825
838
856
846
847
851
841
839
852
869
926
749
205
843
834
871
787
841
923
811
953
803
841
150
808
866
91
788
918
972
84
83
946
248
78
123
193
204
223
186
115
346
387
208
888
134
597
352
385
785
835
833
830
893
824
906
870
871
865
837
864
827
876
856
883
892
817
845
994
879
842
370
817
795
36
487
41
910
62
992
705
808
846
880
867
3
890
883
920
925
878
962
959
924
942
842
932
891
819
20
108
973
14
4
30
116
62
349
240
847
617
42
519
899
860
773
829
155
97
112
28
72
53
32
123
15
767
785
834
730
374
62
945
765
357
467
688
998
735
776
131
834
820
882
904
983
857
863
887
745
76
51
300
737
351
884
541
972
118
128
824
89
313
99
216
133
66
110
284
256
63
216
314
200
100
277
215
320
255
215
445
376
241
248
349
638
246
2
116
320
541
514
394
263
512
295
391
627
464
518
266
311
345
274
672
563
444
241
325
395
464
484
404
546
269
530
577
263
500
496
490
603
665
588
465
536
456
548
590
544
525
927
705
662
732
903
824
822
837
860
912
605
657
798
948
888
731
690
682
859
784
962
725
935
809
967
995
861
172
678
20
108
66
80
739
93
233
103
978
848
859
999
63
6
138
972
376
153
101
56
394
845
717
973
903
425
414
84
840
39
1
126
110
166
440
716
785
802
812
762
789
813
837
844
810
833
858
840
827
851
817
821
818
873
904
598
202
738
766
990
832
832
823
52
714
407
758
759
816
841
832
920
706
903
807
814
846
842
803
855
834
812
844
822
891
136
808
874
789
880
830
968
918
97
822
852
965
868
865
842
392
375
354
777
903
62
60
238
204
74
184
993
95
110
157
238
222
958
130
312
234
130
303
102
113
381
315
349
372
379
327
309
227
455
357
302
288
258
437
446
526
311
613
481
457
465
188
336
194
198
563
203
476
287
230
251
265
374
390
281
340
315
554
316
740
215
321
358
548
467
390
411
395
473
467
509
415
485
621
549
834
507
360
782
765
796
290
554
856
908
265
666
75
822
422
490
394
780
501
684
648
622
638
928
761
608
841
867
94
30
925
981
974
26
912
819
501
780
845
197
915
394
428
986
127
862
977
863
87
270
975
902
350
224
134
87
10
902
269
212
78
461
240
868
994
107
453
169
413
448
669
817
457
522
464
206
607
268
608
438
271
526
452
488
552
810
798
505
329
626
983
421
830
583
365
642
844
124
911
204
742
598
637
833
275
584
282
381
651
272
41
437
289
730
964
836
522
996
642
232
611
174
737
485
271
852
342
72
57
310
859
820
241
4
1
61
62
6
638
643
338
889
674
395
624
535
235
491
128
33
5
68
372
412
864
737
734
568
422
25
959
684
555
554
904
904
861
664
453
596
96
819
658
674
22
503
120
50
878
155
197
585
258
396
686
33
598
456
558
133
122
631
242
231
413
316
904
773
771
868
83
201
26
264
322
70
671
538
519
801
380
359
464
317
3
608
849
566
448
900
529
639
519
424
23
106
580
810
667
432
463
655
923
904
150
306
908
809
702
267
157
796
425
759
120
944
382
3
200
28
414
124
93
749
57
367
484
921
545
269
302
442
284
180
889
287
818
342
815
300
662
747
303
130
820
816
577
632
26
603
326
127
584
797
729
806
813
839
945
928
714
712
936
679
24
737
847
940
935
746
955
934
873
114
796
725
836
829
829
861
831
860
855
865
854
863
910
958
936
982
990
100
979
961
883
61
906
1
889
996
251
80
115
56
103
122
312
971
177
325
262
232
199
262
332
228
254
217
340
289
258
228
228
308
395
450
341
170
339
396
556
3
146
901
979
986
998
42
919
74
28
935
982
143
881
8
975
967
12
19
311
702
989
963
17
124
888
969
2
82
923
986
990
120
873
996
127
905
925
98
903
160
894
398
607
930
157
867
135
892
987
988
15
268
742
135
857
968
998
26
104
30
930
878
31
961
18
13
6
986
985
13
24
182
766
142
931
907
56
961
44
67
860
134
957
112
859
962
11
943
932
160
961
853
191
121
905
597
876
833
898
816
503
671
768
827
743
75
501
826
737
895
30
9
887
748
743
932
48
754
407
579
567
641
690
731
738
851
881
968
580
91
584
28
944
674
157
539
364
795
655
789
76
584
278
201
242
819
601
698
383
440
878
201
73
86
342
17
421
397
939
959
485
1
21
43
973
995
61
26
103
223
104
91
92
367
204
109
372
261
149
364
42
124
180
357
163
384
457
274
348
495
189
431
553
93
440
368
334
332
427
387
737
385
491
562
372
74
57
972
975
72
39
0
192
743
56
70
45
888
992
32
760
160
981
119
50
852
149
99
815
953
120
97
873
34
979
984
4
8
49
896
36
355
394
970
388
373
308
63
730
674
838
91
274
440
281
921
642
76
192
439
55
214
50
576
331
808
157
207
324
156
382
90
244
12
119
929
190
979
148
51
227
58
145
183
402
34
736
410
983
129
252
999
550
96
885
446
526
346
336
624
559
725
650
593
995
73
371
225
107
198
158
758
177
269
306
346
459
712
493
885
855
534
642
258
834
558
358
290
835
339
586
688
850
341
371
392
370
187
281
703
937
249
297
356
315
390
427
274
341
483
264
463
313
409
511
348
390
484
643
213
456
465
473
449
448
478
479
502
515
492
460
482
444
486
448
548
801
321
183
574
458
400
484
699
593
378
482
777
521
580
133
425
645
715
726
827
631
731
864
841
768
706
996
844
861
113
904
911
178
46
246
32
139
118
366
220
127
433
348
347
406
320
388
665
476
685
415
534
773
652
770
603
660
947
759
883
829
58
952
896
45
64
251
137
212
54
352
431
832
505
628
530
810
571
591
490
797
667
696
554
765
609
902
921
687
910
869
84
815
36
862
183
322
992
986
62
292
704
865
899
722
985
931
124
31
936
95
990
271
94
188
140
259
421
292
449
417
367
495
148
465
619
469
504
532
415
701
742
506
515
748
528
853
721
552
779
915
936
623
853
223
541
707
630
507
985
354
340
59
263
75
256
482
424
63
678
978
767
975
956
771
158
362
371
520
197
20
157
69
784
176
709
940
238
310
765
431
521
806
193
403
554
419
552
811
991
870
841
812
63
787
759
715
961
212
440
518
426
410
903
306
631
561
348
801
994
801
915
670
769
45
305
60
968
91
123
439
300
370
400
142
264
303
406
587
443
417
434
953
712
597
90
103
168
966
232
103
131
145
246
193
339
301
251
446
284
459
320
464
147
457
402
339
372
479
441
427
412
343
497
529
822
308
433
558
693
576
550
622
663
593
633
631
921
688
632
739
662
658
640
678
822
678
762
858
792
769
825
877
819
799
784
767
881
691
67
841
201
28
799
962
89
249
248
102
860
48
12
4
130
18
10
123
148
17
37
618
515
430
479
180
220
448
376
334
279
416
478
527
498
285
630
593
480
368
538
661
579
681
528
603
727
627
615
567
566
846
392
560
914
649
601
602
754
796
575
769
559
878
623
678
901
697
553
788
847
583
890
740
920
699
751
760
965
744
51
933
20
871
836
809
507
724
638
941
770
851
889
131
889
811
919
846
936
160
18
873
162
927
238
752
230
870
969
295
994
176
334
462
428
104
297
482
526
626
229
269
340
469
678
912
945
983
581
700
629
394
457
667
733
538
512
759
983
158
188
996
693
654
946
242
739
121
190
931
314
83
57
115
416
126
109
341
399
197
324
207
104
760
248
499
329
718
627
342
597
169
715
735
582
567
431
965
775
828
713
787
862
327
624
498
210
910
840
927
113
286
24
180
82
978
618
980
105
149
308
230
400
321
156
474
187
504
36
112
670
269
551
723
750
56
407
974
828
622
217
753
259
470
464
916
500
962
0
910
680
400
811
834
947
508
718
966
140
188
200
118
946
814
605
3
312
398
362
428
934
208
718
451
85
530
604
322
9
277
564
797
37
108
259
229
520
320
270
354
522
575
444
357
300
785
109
903
331
930
410
631
797
546
888
768
656
615
899
281
875
874
798
420
738
543
887
498
594
220
256
793
299
287
66
964
810
221
486
913
470
565
316
573
562
589
182
359
77
380
176
491
778
49
602
976
340
246
74
769
844
185
455
397
960
553
734
553
294
337
830
460
340
141
712
109
484
395
847
735
95
672
448
413
158
816
932
701
607
476
650
700
554
58
332
987
14
471
289
550
535
618
957
825
527
628
151
194
555
485
556
131
443
495
806
460
230
275
554
592
849
122
300
28
24
23
12
783
517
321
51
5
17
18
12
49
42
33
68
996
42
70
10
75
22
74
69
42
160
51
121
134
28
226
449
920
437
59
187
281
238
348
306
344
213
343
300
483
261
391
554
412
323
410
383
383
375
510
430
475
446
485
501
532
517
516
554
584
542
550
572
556
596
539
676
753
676
496
611
889
279
798
352
788
316
986
558
210
772
581
84
705
894
218
769
17
479
243
557
527
64
790
10
933
72
238
523
437
819
181
852
342
836
846
10
206
101
187
130
227
847
995
34
871
15
181
840
0
189
57
932
102
918
68
810
483
555
82
838
263
801
700
529
139
801
810
41
631
931
816
160
91
688
952
813
828
152
915
788
825
25
680
899
843
911
851
867
890
994
821
922
909
950
842
957
999
942
992
895
37
938
93
990
61
97
17
221
967
247
90
214
52
202
888
363
206
226
225
243
252
281
341
216
327
238
216
317
320
765
741
497
621
190
631
900
553
55
450
871
442
603
563
954
795
265
522
535
397
618
574
718
510
499
349
859
916
769
679
618
651
781
635
875
749
503
77
880
117
538
253
7
187
245
142
328
689
160
256
667
639
245
796
662
58
971
48
283
286
406
944
638
256
161
118
233
377
373
222
268
380
407
207
260
436
374
297
490
298
420
306
496
428
490
527
972
38
326
541
215
305
555
519
532
491
848
588
656
752
455
575
696
47
858
502
821
673
40
720
948
262
3
801
769
691
980
783
965
952
178
904
797
178
873
4
140
883
165
937
588
835
127
983
195
394
315
270
188
253
291
297
328
269
252
512
560
103
465
328
399
627
583
338
531
719
557
576
287
638
864
276
279
306
272
96
345
385
260
239
427
822
164
589
536
396
251
433
475
293
382
301
436
348
323
323
496
481
217
208
165
697
580
397
261
296
697
866
491
650
542
766
710
690
521
485
367
395
397
696
182
417
523
274
81
184
121
995
952
109
142
17
176
372
891
45
163
930
959
990
939
154
906
972
75
85
213
237
131
577
413
363
113
557
349
397
463
326
390
369
234
195
558
541
716
474
844
375
346
455
259
495
484
291
606
364
542
385
284
641
524
361
687
804
33
590
421
391
440
465
778
596
633
565
195
414
424
397
361
407
695
480
460
433
276
657
716
446
508
799
475
119
913
288
212
75
85
980
250
907
758
824
842
839
837
844
923
871
831
840
848
853
882
862
923
870
863
934
854
931
917
900
950
940
901
996
995
903
186
186
833
985
191
148
64
234
136
166
217
210
225
153
219
948
265
323
268
174
304
234
278
655
79
392
460
306
259
307
347
229
366
337
284
338
341
302
325
420
357
415
390
581
415
146
375
328
310
369
342
332
321
373
404
424
463
425
465
455
459
335
446
767
30
148
551
57
282
227
817
891
669
638
425
214
736
955
900
19
919
826
902
972
907
970
840
896
920
922
978
926
967
916
971
953
963
785
95
815
360
773
698
72
798
207
301
46
239
151
216
258
507
955
458
231
705
41
422
496
397
518
433
534
548
456
487
673
966
548
521
652
587
519
634
294
259
583
739
294
413
884
765
282
30
97
986
966
883
20
57
931
41
983
469
887
693
3
381
578
31
985
407
966
121
467
614
970
59
71
955
944
979
960
26
995
91
52
857
110
905
986
61
98
904
23
925
380
687
991
928
987
456
704
324
818
748
396
686
938
595
845
117
108
17
46
988
200
138
153
138
132
128
290
95
242
55
1
135
66
220
373
89
999
236
55
232
389
270
8
154
520
241
158
472
369
462
372
485
648
265
665
700
407
429
493
594
493
481
840
581
771
466
133
364
47
992
575
21
85
112
385
174
821
606
674
529
824
788
18
594
947
40
236
697
286
797
50
497
960
701
525
556
62
666
568
670
734
782
169
483
159
592
699
797
53
4
862
60
45
12
34
17
32
29
262
192
835
55
114
98
257
257
360
380
458
384
116
99
128
204
197
150
239
275
325
376
572
471
562
419
577
389
390
343
382
377
393
457
436
455
498
512
587
827
426
541
718
704
736
772
822
577
677
761
869
647
811
786
773
784
828
829
963
961
868
945
958
978
880
952
988
24
45
42
84
112
89
241
203
269
262
454
301
382
202
204
369
309
430
488
610
558
467
411
653
482
626
576
553
705
871
605
981
715
892
973
957
420
480
105
978
43
162
7
88
180
40
95
253
272
358
388
233
583
559
414
697
505
754
571
675
989
827
64
825
616
6
86
720
845
978
82
86
205
77
362
80
356
644
262
226
469
923
542
272
183
519
671
317
601
773
344
526
861
248
387
673
900
112
269
554
500
749
159
44
198
984
448
755
881
343
290
609
749
772
9
69
265
405
589
679
291
463
124
214
475
622
855
875
53
94
509
642
280
0
548
727
480
65
428
7
988
402
224
402
488
599
684
757
805
37
106
226
419
436
643
782
862
0
204
923
326
445
722
577
41
92
37
129
144
236
210
235
369
256
169
125
135
168
211
235
315
711
325
62
12
42
501
421
400
420
346
640
277
254
531
589
589
553
137
985
617
593
810
156
228
808
970
155
768
916
849
874
808
905
926
916
974
867
876
872
887
895
201
50
993
857
867
67
120
65
129
191
132
172
128
136
119
176
306
305
259
457
360
220
363
482
501
285
439
496
791
359
517
594
929
850
778
463
789
787
33
659
916
35
762
825
868
110
759
44
939
24
998
44
43
961
97
985
93
54
14
123
978
931
886
916
193
515
536
48
251
567
217
719
535
226
442
461
634
433
376
503
463
615
471
463
479
563
495
406
531
456
597
546
481
616
402
594
477
553
550
571
557
864
97
113
202
693
724
182
598
815
601
594
538
622
645
542
616
585
642
644
618
591
623
628
640
553
571
604
664
652
882
455
834
588
650
663
647
451
252
805
933
805
875
72
259
795
422
787
902
736
842
10
28
515
34
826
917
782
851
933
878
893
856
876
890
95
153
135
193
219
260
47
227
232
201
216
275
87
252
190
222
112
989
170
51
685
249
106
95
152
345
288
348
204
365
325
356
377
863
484
388
264
843
167
749
164
47
482
372
937
11
859
229
944
979
985
88
1
54
883
80
301
96
58
17
11
866
387
740
6
789
207
32
848
182
886
76
25
821
735
525
825
654
463
788
337
458
136
670
577
25
182
692
56
289
216
279
74
79
765
745
750
747
753
771
757
782
756
782
768
809
801
796
803
822
845
853
811
210
596
424
434
415
771
434
498
514
529
602
684
306
502
124
194
677
644
815
805
839
857
996
652
853
835
943
692
891
851
746
901
782
869
834
827
868
824
304
118
325
895
220
28
330
982
120
207
206
227
313
835
89
862
674
266
398
324
226
368
353
267
372
381
308
317
331
451
487
571
521
411
541
544
668
600
632
712
617
675
738
650
864
560
621
794
711
839
679
745
768
804
874
627
711
645
659
721
778
540
609
637
708
606
597
678
773
718
715
682
797
665
857
799
852
746
890
853
859
864
962
64
991
813
49
947
904
98
140
19
72
993
218
955
122
220
41
319
203
249
260
147
204
296
207
442
525
170
391
171
123
85
245
85
557
323
109
384
506
342
345
739
482
529
655
711
348
657
726
723
684
11
428
693
814
896
641
68
897
982
759
769
160
106
269
762
985
104
266
238
334
99
996
978
829
389
172
192
702
698
10
731
685
197
746
400
540
556
526
30
603
477
874
651
634
591
473
907
750
967
831
949
633
463
985
252
909
126
923
144
111
182
132
920
490
125
435
310
258
160
181
407
403
789
355
460
737
193
443
936
134
349
211
132
42
829
282
306
859
391
416
202
724
749
576
379
655
242
330
242
635
639
551
269
496
854
193
295
574
3
311
898
693
496
537
148
178
356
490
132
683
400
840
999
552
380
140
650
264
756
939
819
749
6
433
235
237
316
368
13
772
488
421
980
705
258
232
190
776
933
136
191
886
178
593
429
539
940
699
936
481
543
730
84
541
97
306
279
769
616
823
87
750
774
366
45
100
144
246
972
383
360
112
231
512
187
872
425
606
398
920
294
330
348
906
478
870
628
279
84
278
242
764
938
698
590
767
602
477
491
714
953
621
825
867
576
53
231
498
718
544
592
611
603
496
547
541
892
808
784
726
850
759
735
28
732
857
147
229
353
246
286
414
364
414
362
617
465
462
712
471
541
420
622
467
439
602
468
761
476
541
657
538
520
664
551
793
731
860
699
716
444
536
574
865
604
773
621
905
754
863
701
952
967
901
120
50
965
926
898
964
95
917
903
910
997
142
820
903
888
848
95
932
933
49
867
899
924
935
106
794
987
977
38
92
45
134
131
92
148
131
161
183
245
212
259
169
277
217
232
240
218
212
270
295
371
293
308
353
337
390
590
383
436
369
499
369
479
346
454
397
445
399
425
389
430
404
424
522
463
800
300
129
338
848
373
642
754
849
943
938
873
867
907
931
979
849
602
855
961
957
949
965
930
956
951
58
966
971
999
980
39
914
11
49
